Cubuck dataset:
Mean: -5.68861110767901667629
Std: 0.17700068345241257162

Gap dataset:
Mean: -162.72886696341200263305
Std: 0.65145396754652284965
